Overall standard deviation across all simulations for pitch: 0.23369410236776428
[5212908, 4158039, 672058] std:  0.3323564749217504
[1661600, 9440528, 2093024] std:  0.3326247434184853
[9521303, 1802219, 5404321] std:  0.3326966878543775
[6230915, 7439564, 4571004] std:  0.33277363555038075
[5142459, 5060135, 8829214] std:  0.3328893792586409
[223758, 786484, 2486126] std:  0.3330109179256075
[1143586, 1435096, 3559033] std:  0.33302069925031624
[4687255, 5447363, 6558645] std:  0.33365911991774855
[3730344, 6712879, 6243207] std:  0.33380988787991206
[1237240, 3743385, 6975079] std:  0.33389928838024596
[3838194, 572192, 4927176] std:  0.3339110325401619
[6575605, 7717595, 1180995] std:  0.3339277341117147
[421273, 8248651, 8892397] std:  0.33403248218731085
[1081472, 2259299, 1414370] std:  0.33411315075965203
[4488434, 8899405, 8547935] std:  0.3342014326332853
[9310778, 3968642, 3914297] std:  0.3342161509303512
[3266960, 5735168, 2616504] std:  0.3342593186375282
[4071215, 110510, 1326037] std:  0.3345034875953598
[1859788, 165287, 5823687] std:  0.33469914428160846
[7652847, 1878615, 9136586] std:  0.3350580119404406
[7343535, 6638293, 2735491] std:  0.3350639034499479
[588355, 8185851, 2382476] std:  0.33520186018298814
[4664730, 3980523, 789133] std:  0.33534673972574897
[2561469, 2617762, 4661293] std:  0.3355295345292749
[6451000, 8583096, 8966682] std:  0.33585930624229077
[1934277, 3761051, 5812167] std:  0.3359722286970143
[6808872, 3060432, 7581923] std:  0.3362635991882705
[425241, 5038759, 4626308] std:  0.3363240296120016
[8946666, 3018018, 8156047] std:  0.3363256139923593
[6370283, 5104890, 8551664] std:  0.336831255813776
[454817, 381279, 7249566] std:  0.33687904861563267
[1491187, 2113347, 6671839] std:  0.3369347516836991
[1641159, 2594062, 301494] std:  0.3369687285593947
[8158090, 697740, 1413128] std:  0.3370052822640522
[2297279, 6358621, 1640518] std:  0.3371350039537218
[2516758, 8668465, 4140313] std:  0.33717309615956376
[7015253, 5595266, 4256539] std:  0.3371904575680093
[9258501, 9026714, 5957091] std:  0.3375752554542936
[5339428, 6604368, 1167645] std:  0.3376499661705748
[4052246, 5550385, 2145541] std:  0.33773297905745187
[6548443, 4371443, 13951] std:  0.3377956215763818
[3794143, 7314307, 3143517] std:  0.3379397142297268
[6897083, 3567427, 215929] std:  0.3380371116482138
[214222, 1132131, 2150054] std:  0.33809831466748236
[4595215, 2391773, 7679346] std:  0.3381211372800285
[8028746, 2622448, 1661630] std:  0.3387827123478421
[9469853, 9567296, 6045648] std:  0.33886432017838225
[4579241, 609537, 4640076] std:  0.3388661398413588
[1407461, 1428285, 2235890] std:  0.3389999281137278
[3742970, 1826012, 6578225] std:  0.33911326644183837
[9459840, 1951787, 8855685] std:  0.3392971317279251
[9453587, 132134, 3271985] std:  0.33973887512218115
[9259677, 2895092, 236007] std:  0.3397719738350699
[3549883, 4605872, 3001145] std:  0.3400830687582387
[2344859, 8295295, 2589419] std:  0.34024288325737767
[6347379, 1148821, 8679845] std:  0.3404513760118563
[8597365, 7671318, 9573946] std:  0.34131191228440705
[5028389, 2259849, 1328666] std:  0.34132264164380816
[5641384, 3172192, 3943389] std:  0.34132886914279675
[2292033, 3876347, 1843957] std:  0.34141480726241885
[47786, 8905848, 247146] std:  0.3415298614887382
[4373767, 9463147, 2508656] std:  0.34234264170292494
[9577893, 7805046, 2489222] std:  0.3428144771974355
[7720612, 4475912, 7679311] std:  0.34307762626408506
[4188799, 5039672, 2872566] std:  0.34311699480297275
[1051422, 1409143, 3734217] std:  0.3434119015926023
[505748, 5834874, 3345126] std:  0.3435222648477487
[8408960, 6620732, 5648425] std:  0.34378073556558625
[107735, 2380858, 2357261] std:  0.3438242234559089
[4980923, 3260831, 788595] std:  0.3445179571538629
[7484364, 803592, 6697306] std:  0.34549168651236484
[565792, 6606147, 7428474] std:  0.3463792393612654
[4947364, 115415, 5613866] std:  0.3463954354491129
[54794, 6787611, 6218241] std:  0.34653633917970283
[6445, 682980, 7895071] std:  0.3469207672946076
[9101215, 1262880, 623120] std:  0.34707874412062156
[783537, 155178, 8755607] std:  0.3480568775434111
[8488886, 5861994, 6655234] std:  0.3483713461291099
[3874266, 641461, 4927381] std:  0.34839260237246067
[2454070, 2422983, 5144347] std:  0.3506882432240103
[4416990, 8097729, 9597094] std:  0.3508059147389706
[3869723, 5070758, 8169535] std:  0.35117691065785117
[6051374, 860079, 8499259] std:  0.3522259687350869
[9311399, 8768325, 685122] std:  0.35261690993623435
[9539490, 2255459, 2205884] std:  0.35302898846832476
[8720194, 631220, 4567920] std:  0.3535997297936912
[5308547, 8161331, 5127735] std:  0.3542807751261876
[8305120, 6963071, 8764847] std:  0.3556321480051198
[187635, 4399572, 5374732] std:  0.35641684469509993
[1038414, 5738844, 9514273] std:  0.35666587087276
[1309047, 5065608, 7334083] std:  0.3585589639996081
[4930424, 6352580, 2375744] std:  0.3598916296582229
[9044955, 877786, 7450167] std:  0.36159502439427427
[8563513, 3882789, 913737] std:  0.3641109453442892
[7457629, 4815062, 2539223] std:  0.3642997960810674
[7905799, 2913314, 3506191] std:  0.36468435333943294
[7170983, 3447338, 2012864] std:  0.36613085126587036
[5617583, 2832487, 533583] std:  0.37210701908939164
[1104033, 7067055, 5776776] std:  0.37299133848194155
[6699171, 5243071, 1423710] std:  0.3892442290928792