Overall standard deviation across all simulations: 0.13374020666803071
[253797, 646308, 3341596] std:  0.2647177481112799
[5848662, 881385, 8385686] std:  0.2649440775481179
[3304910, 6201125, 2336146] std:  0.2650063514231925
[3652486, 5616857, 1753144] std:  0.26557513087039036
[923966, 5020264, 3572047] std:  0.26565894058990064
[5391363, 8685919, 3415811] std:  0.2659250105917783
[5959440, 7868981, 1950169] std:  0.26649228936500247
[4820830, 462954, 5012637] std:  0.26652747660237974
[639192, 7262144, 5719122] std:  0.2665300321172186
[7283970, 2682383, 413439] std:  0.2666052888191187
[8674355, 7005617, 2503636] std:  0.26664843001621213
[3689765, 2255155, 6736294] std:  0.26683730952841433
[3592333, 4645097, 2365624] std:  0.26710235879195116
[5672129, 8061856, 1239479] std:  0.2672931991364167
[7606407, 2656295, 1909500] std:  0.26742180966756374
[6887556, 3689099, 1140702] std:  0.2676208032185679
[2195553, 6962925, 8650038] std:  0.2677221830173295
[2178833, 3760847, 1099415] std:  0.26788093352588216
[6798771, 6322596, 7472104] std:  0.2679635562081536
[9248532, 3318675, 1915707] std:  0.26813305576959223
[8735281, 9312369, 5363283] std:  0.26839970760273624
[2716103, 1204483, 3418780] std:  0.26857792806005965
[2742278, 3204099, 5400008] std:  0.2688218801739039
[7748423, 7373307, 1061811] std:  0.26898326496099817
[3358618, 9000436, 2417404] std:  0.26910741570256475
[6177248, 2206668, 5925839] std:  0.2697007635320074
[3995060, 5426897, 9249812] std:  0.26989403119468336
[1465145, 5832189, 2629034] std:  0.27004987455744683
[5501696, 5916092, 7526169] std:  0.2701360125448956
[5340507, 4109061, 2125003] std:  0.2705076866669439
[4771713, 7759884, 8693299] std:  0.2709502562226449
[8049634, 8295769, 4132547] std:  0.27114477129048525
[418744, 3235196, 1685450] std:  0.2712885455363536
[1467036, 1565154, 1953594] std:  0.27140817657876154
[7577063, 861858, 4304799] std:  0.27141876125908243
[5100718, 5972339, 2655431] std:  0.271621514584473
[372991, 6459910, 4923061] std:  0.27175637904642863
[8620294, 2327666, 4420847] std:  0.2718372370062816
[6300571, 6802353, 2421252] std:  0.27186254805375665
[5251056, 7431549, 3376930] std:  0.2718712008182376
[5398341, 2566553, 2340075] std:  0.2720661628397628
[5928096, 7003638, 6506060] std:  0.27220556311510824
[4500033, 1143726, 7742776] std:  0.2725344373857487
[3412481, 3634941, 5094213] std:  0.27284929218872145
[7476496, 8624693, 5556585] std:  0.2732217173631263
[8649972, 5929477, 5412531] std:  0.27328802597662294
[7382781, 5825415, 1690067] std:  0.27396245669854763
[4111716, 533766, 1857447] std:  0.27404313161278876
[8324220, 1293524, 6329547] std:  0.2747131802243945
[2597368, 2485916, 72984] std:  0.2747576491753544
[3601410, 1771927, 4095427] std:  0.2749834008175404
[7072950, 5030777, 5368215] std:  0.27535677093455185
[6517133, 9504090, 7752660] std:  0.27556425349753716
[5610186, 3920976, 5890406] std:  0.2755952753979408
[7314976, 4449457, 839472] std:  0.27562877624672244
[5798975, 3825072, 808210] std:  0.2761982843005861
[7238676, 3996389, 2760964] std:  0.27630228228503884
[957143, 9351745, 6711294] std:  0.27636456729937625
[6747949, 6216990, 6178247] std:  0.27645486671685554
[8451880, 4186562, 607478] std:  0.276960315177682
[7951383, 8490906, 5442621] std:  0.2774227888927856
[9289013, 4837184, 5018802] std:  0.2776540466123254
[4432593, 2917013, 4138695] std:  0.2778880828647556
[9129358, 7461576, 5912318] std:  0.27797667206527865
[8901594, 1819032, 7351687] std:  0.2779868239759538
[349692, 6830979, 2509212] std:  0.27805229217854754
[3123562, 1898667, 1523313] std:  0.2786371965195751
[4219750, 1718707, 7608685] std:  0.2787768490882453
[4359974, 1321316, 1402723] std:  0.27922745712539454
[8412510, 8575423, 9263834] std:  0.2804678759951286
[2954431, 1917498, 8145966] std:  0.28213539102215995
[2653256, 2127959, 2407626] std:  0.28229544777346555
[4270010, 4070292, 8303075] std:  0.2826383236636429
[389931, 5431625, 3078262] std:  0.28316611950385895
[760716, 9452364, 8586249] std:  0.2833723274505571
[4750270, 2120809, 9181383] std:  0.28581966648708357
[420231, 8303813, 1947227] std:  0.2864334148148538
[598235, 2691946, 8954333] std:  0.2872670222308408
[3399770, 2043320, 4309678] std:  0.28762243007094956
[6505239, 8835400, 2209375] std:  0.29006787832045533
[8188265, 1929145, 9346909] std:  0.2907489234205118
[5776979, 6207040, 1935035] std:  0.29241590457553174
[7271947, 8145528, 9583491] std:  0.29288286196549407
[7005759, 5933526, 5569239] std:  0.29329415538049786
[4891566, 6415240, 3604375] std:  0.29359802328127105
[3121987, 3584830, 6336383] std:  0.2940702065062671
[7099028, 2600526, 3565056] std:  0.294163640109604
[1564214, 6717574, 1131757] std:  0.2947632612247489
[855916, 54905, 2162631] std:  0.2950258269340847
[4591617, 711091, 1927978] std:  0.2962835800648621
[8802487, 2561290, 1313221] std:  0.2973385668327869
[5374732, 2249976, 6411640] std:  0.2982585203876594
[3539506, 9349993, 2092669] std:  0.30105199661144433
[3369273, 7759208, 3850957] std:  0.30236832840159006
[8864467, 6461176, 9479419] std:  0.3029488748711433
[9379977, 3971126, 6421489] std:  0.30544668533031266
[5973596, 1310874, 4003803] std:  0.3129127527991041
[8315687, 4485964, 6984651] std:  0.3162164123127156
[2872564, 274772, 5590880] std:  0.3179204486581586
[5386811, 9035970, 7380487] std:  0.3266120745460455