[8080733, 6640478, 8586013] std:  0.33028656385290184
[3708619, 4713743, 1066348] std:  0.33060315303509596
[2650247, 6666701, 8271842] std:  0.330638016939522
[673251, 3034461, 9165927] std:  0.33101018548783784
[779571, 4594753, 8298218] std:  0.3313221512058622
[1078477, 3271285, 2453015] std:  0.33142568266541056
[6683776, 7069820, 4173722] std:  0.33146344915147014
[578447, 3752663, 582101] std:  0.3316009716321538
[2195430, 2673491, 6039424] std:  0.33166488345006667
[5169158, 8041763, 6765181] std:  0.3319578055529918
[5362658, 2119407, 994716] std:  0.33196673755264083
[4407079, 1125832, 8210749] std:  0.33206463394102886
[6967006, 4502198, 1924616] std:  0.3327678550134794
[5756977, 6635096, 9406415] std:  0.3327887854648864
[6279446, 4543787, 8872215] std:  0.33294873474539105
[2856604, 2160455, 2200628] std:  0.3329865001498401
[9079380, 8825735, 8673633] std:  0.33319659974561583
[2078380, 9037837, 7616695] std:  0.33436795047731527
[7403692, 4837243, 5592005] std:  0.33446810690094386
[9225678, 3173267, 2704277] std:  0.3345730406337243
[7052180, 5294594, 4876552] std:  0.3345806566805152
[8308915, 6754386, 2842071] std:  0.3348924296952432
[7689836, 8595045, 2366019] std:  0.33492265283479783
[4735787, 56495, 6920181] std:  0.3363184512319049
[6386303, 5448429, 5970308] std:  0.33633194887728934
[721784, 8241235, 4314652] std:  0.33699968324271085
[7536504, 2299816, 3090341] std:  0.3377767345109509
[6223501, 4700052, 511332] std:  0.33780962825845623
[4564829, 4008674, 4518754] std:  0.33799284022784254
[928346, 5139988, 7093992] std:  0.33807240302676544
[3109071, 2544862, 8266995] std:  0.3380732864045971
[9154181, 3284709, 5112846] std:  0.338547313938829
[7490266, 6301733, 2026325] std:  0.3386893752746317
[9185528, 6141416, 9103227] std:  0.33881559459266414
[4401977, 7232041, 89609] std:  0.3390402461716546
[9390770, 7899116, 1371141] std:  0.33917274469349673
[5870344, 9359752, 7809075] std:  0.33963231834116014
[3079229, 5431233, 1157052] std:  0.33991479423901727
[7502379, 2896266, 7475684] std:  0.34001294214706484
[5092229, 4428696, 5963456] std:  0.3405392868797522
[3363799, 4273987, 7030470] std:  0.3406693243784928
[7755680, 5023126, 7112405] std:  0.3409573937079439
[6994322, 8633104, 4980606] std:  0.3411632433172968
[8546201, 8878732, 5965246] std:  0.341501157882186
[9447657, 5023377, 8344585] std:  0.3423209274450595
[1002592, 5177758, 8777326] std:  0.34244770803590013
[7002628, 1136380, 4377062] std:  0.34247572031973567
[2873030, 8023635, 2681849] std:  0.3425340599401007
[4331455, 8125243, 2554930] std:  0.3436071925791494
[6328494, 8147786, 4328263] std:  0.3436845602793559
[4335415, 4195917, 588267] std:  0.34434096496194805
[4140803, 3548, 6346251] std:  0.3444822687804589
[9307997, 443992, 4139989] std:  0.3444861795968148
[664872, 6893796, 4585305] std:  0.34492082221280096
[6526627, 5754142, 299349] std:  0.3453319570401488
[8810888, 5632874, 7376117] std:  0.34553096873454564
[4801822, 7398192, 3770549] std:  0.345837867225408
[5990474, 3287270, 2991244] std:  0.3462357897426291
[4540329, 4710829, 7498608] std:  0.34660978392633524
[8281790, 619989, 7845190] std:  0.3469047325062961
[6109662, 3013028, 1936067] std:  0.34782595783289766
[6324552, 2585205, 1725855] std:  0.3488517513365353
[9391247, 387693, 6632280] std:  0.3493062789790031
[6201794, 9481311, 1293728] std:  0.3514272039122778
[2100085, 6083488, 1345071] std:  0.35153828566897133
[2418427, 6743782, 8526186] std:  0.35158605648579944
[1537948, 5168869, 9045189] std:  0.35183332072047374
[2162522, 7983920, 3228584] std:  0.35235384072190706
[5178530, 9545864, 2785767] std:  0.35322391979442447
[4304140, 3786646, 1785987] std:  0.35344132211336166
[5126227, 1024123, 6115602] std:  0.3539282884841298
[1808619, 2966876, 7519940] std:  0.3560545310288584
[8877382, 3103449, 9490932] std:  0.3583906610292116
[9174083, 8056106, 4501424] std:  0.3588029053369832
[5261028, 7757653, 373500] std:  0.3597630843028594
[6023271, 5487306, 9522056] std:  0.3600854029207354
[7673523, 4814003, 6856031] std:  0.3602892047942922
[1229880, 6234599, 5954441] std:  0.36064425811839523
[3198847, 6981702, 1992486] std:  0.362828022211583
[1099090, 1732405, 247510] std:  0.363821802180834
[7644670, 8267877, 6171743] std:  0.36535798014720167
[4064836, 8793148, 9396999] std:  0.36775144054626613
[5686140, 4816639, 5591266] std:  0.36825804909931864
[6862417, 5629241, 4739695] std:  0.36851828074716286
[8865689, 4760625, 449592] std:  0.37141051044315365
[6808588, 3856157, 390654] std:  0.37254023450238855
[4410135, 2367587, 4524346] std:  0.37380486345753555
[4270259, 1781646, 538222] std:  0.37398566891741086
[1234348, 5013814, 3399458] std:  0.3746913381276547
[7471478, 7508231, 8144489] std:  0.3757952057429996
[5026486, 8756342, 1375269] std:  0.3813564401863154
[5050752, 123657, 2779289] std:  0.38868502504640723
[2792242, 6674984, 3189796] std:  0.39453619749531654