Overall standard deviation across all simulations for surge: 1.4588342197371154
[2496307, 3695554, 7619505] std:  2.039312236933183
[2224592, 4564832, 509102] std:  2.0398633296832367
[6344373, 5937222, 6900449] std:  2.040164521441287
[8017545, 6216739, 8328582] std:  2.0427938157702332
[2902646, 5483817, 5370574] std:  2.044088711080811
[463626, 9246420, 6116022] std:  2.0448263152902126
[4283442, 3153622, 9364255] std:  2.0455612163054027
[7576307, 9538036, 9108328] std:  2.047239132654387
[1832894, 7809322, 5062442] std:  2.0527715074903066
[7887794, 8931993, 686955] std:  2.0541781081829082
[7689836, 8595045, 2366019] std:  2.0547322705602915
[2253221, 4810850, 6562903] std:  2.054940463295597
[2672817, 6220755, 8438150] std:  2.057735880725925
[5175790, 9454532, 1865457] std:  2.059094367158661
[4409934, 3195995, 7538583] std:  2.0594723246810673
[234405, 5027478, 1312536] std:  2.0619425440405412
[3889538, 7898542, 7064062] std:  2.0637655975791724
[3797871, 1062421, 7154079] std:  2.063818750833263
[376090, 8589748, 7809248] std:  2.064081317178581
[6567903, 4833851, 3418801] std:  2.0660840291794247
[335300, 4255460, 1423108] std:  2.067039779434965
[7185823, 5452263, 8408527] std:  2.068951458827914
[2901615, 1888500, 1947317] std:  2.0714798518271644
[8530906, 51131, 6337617] std:  2.0732346170985063
[230542, 1960506, 3700434] std:  2.07356446880203
[6458377, 5848756, 8091532] std:  2.0780673009543884
[8780599, 5182182, 3803580] std:  2.084124211714638
[9483407, 4187903, 8922939] std:  2.0857613458580406
[8289783, 4440880, 2090635] std:  2.0862034103478546
[842651, 2406411, 6891887] std:  2.087371903095402
[7014541, 966902, 241415] std:  2.091157743712143
[9297861, 7575916, 3386278] std:  2.095335644744601
[6779302, 6127591, 8878366] std:  2.0961900907593325
[3009551, 7672967, 6000536] std:  2.096399288583064
[9521375, 2346574, 681555] std:  2.09723543749783
[5422935, 1128721, 4449329] std:  2.097741959356983
[8076771, 6089753, 8210024] std:  2.1005798871743164
[2002026, 8847693, 3406404] std:  2.100680684305116
[1188204, 9250481, 918142] std:  2.1070429698732163
[874475, 7147060, 4747815] std:  2.1075811899885037
[1838694, 1533876, 7614095] std:  2.1077577095738964
[7175876, 523242, 53848] std:  2.1084423098361125
[5806041, 6450287, 7614113] std:  2.1098615374419247
[5165101, 6152854, 1105246] std:  2.1126920746211555
[3850225, 8505613, 4189275] std:  2.1154483912723143
[1138300, 4036191, 6090929] std:  2.117940633720184
[350057, 2269699, 9484113] std:  2.1184037826907143
[6364182, 2485144, 3866344] std:  2.121635469665331
[1163839, 8985660, 6492606] std:  2.122606833921295
[6372335, 9494342, 6301548] std:  2.1266594391344853
[4850076, 4793638, 2973059] std:  2.1277712084351568
[8528883, 2355191, 8311399] std:  2.1281939075016547
[1246585, 413868, 4252526] std:  2.1319804949386074
[8722310, 8601893, 67369] std:  2.13353800035591
[33238, 8301473, 6034198] std:  2.134544096693197
[7461366, 8516711, 2075240] std:  2.1394593313220738
[225561, 3498415, 4487503] std:  2.14032949211521
[803296, 936960, 1294562] std:  2.1502992180792186
[4661688, 3350916, 8310215] std:  2.154060170681601
[5719792, 2697547, 7429149] std:  2.1556948960668785
[5250459, 2880002, 7198776] std:  2.1560434113471203
[1537828, 3293445, 1979564] std:  2.1580871784970146
[6413921, 5522905, 3101031] std:  2.1593879450023294
[4143914, 2851698, 2065443] std:  2.1606063387213155
[6523912, 6691228, 2677867] std:  2.1752623295390356
[1697284, 3147048, 1227826] std:  2.1759092548229604
[3683963, 2064958, 940513] std:  2.1824572340622255
[2208408, 8825899, 1754601] std:  2.200875355328595
[2015275, 7399580, 6496941] std:  2.2034856093352606
[774823, 2811820, 6659201] std:  2.2046630269266587
[6301856, 611015, 5334107] std:  2.2060774035749997
[3772118, 7326258, 5431097] std:  2.2066297604545606
[62995, 2656641, 1620153] std:  2.209515991106717
[981677, 9203769, 6272305] std:  2.2164157004999576
[7380021, 2787612, 4202829] std:  2.2168536216945887
[5218193, 6574522, 2188986] std:  2.22132932355057
[7937139, 4139139, 9442800] std:  2.225374488368005
[5093049, 7660592, 1677708] std:  2.2271813069990696
[8350312, 5551441, 2081545] std:  2.230851409695934
[641959, 6558805, 5930301] std:  2.231722266624099
[2593644, 1971038, 1883718] std:  2.2373155212472997
[4109865, 6187932, 5935190] std:  2.2386529068857675
[5894438, 241610, 5320431] std:  2.239812481415558
[5898999, 6002742, 7643532] std:  2.2446912703340036
[964969, 2357125, 5222639] std:  2.2505282325964227
[1902196, 2686753, 4954781] std:  2.2710191978817975
[5037672, 6540382, 8724058] std:  2.2754645390539157
[6214240, 3658810, 6599708] std:  2.300155495811504
[1801580, 3905089, 5055423] std:  2.308613021870212
[7515303, 8996634, 1822743] std:  2.3571834506453766
[7257660, 8624413, 1054020] std:  2.3628732598757747
[1090169, 92442, 6192972] std:  2.3807205528338526
[2751791, 7809965, 7523299] std:  2.3843497256427346