Overall standard deviation across all simulations for pitch: 0.16900934053816508
[4235876, 7201937, 2962691] std:  0.27312198751255545
[3557510, 2473184, 7794046] std:  0.2733929809466244
[6086579, 6049649, 904737] std:  0.2734259186136791
[3380129, 2976067, 7851012] std:  0.2735258240961484
[4111659, 7296834, 9148841] std:  0.27358412478780014
[9596799, 632056, 4413558] std:  0.273953906015314
[6412945, 7485820, 7294513] std:  0.2739899207999619
[3446635, 6950199, 2197389] std:  0.2741643596045474
[5060669, 482674, 8690391] std:  0.27453009896687575
[2005417, 6777960, 1539547] std:  0.27470207992330636
[1156246, 2721150, 7479973] std:  0.274801312492046
[659060, 4174802, 4665887] std:  0.2748015226684992
[5085694, 9051929, 7778997] std:  0.27487818071942804
[8138523, 1966827, 5386869] std:  0.27510917674411967
[8694240, 9557503, 334198] std:  0.2752509555648852
[6940799, 2009207, 4878872] std:  0.27565638058084946
[8767874, 2686995, 6391206] std:  0.27569217941253654
[3274397, 6139542, 3999952] std:  0.27633196520998593
[2280875, 7640469, 4018857] std:  0.2764077533786887
[6083858, 7446310, 3621946] std:  0.2764190953584286
[9544336, 2160960, 2520273] std:  0.27659085842667935
[7136235, 3214898, 401406] std:  0.276765882183865
[3341399, 7047081, 1614880] std:  0.2768102014181659
[2787445, 2252697, 5577428] std:  0.2768373013212007
[1486240, 8269675, 1944618] std:  0.27711826529700917
[7062092, 8559957, 7355396] std:  0.2775923937775418
[9377973, 6751282, 2955729] std:  0.27759710640763013
[1747290, 9545364, 9518324] std:  0.27771439590192765
[566402, 806798, 7613481] std:  0.27786393080437766
[2092042, 760777, 7635751] std:  0.2782552705065491
[1078071, 4724536, 2210702] std:  0.27849022482074676
[7286801, 5640191, 582543] std:  0.2784908510406695
[8807518, 4268529, 989516] std:  0.2784991947765894
[5457565, 1221375, 1298595] std:  0.2785162808765723
[7536121, 1144830, 8306692] std:  0.27853622590207555
[3206619, 4995228, 5083208] std:  0.2795854636774647
[4854272, 8363681, 8755286] std:  0.2798202085756493
[9238479, 4043807, 6047048] std:  0.28039647297923337
[157076, 6527383, 8322591] std:  0.28092263893609376
[8152059, 5154200, 6498129] std:  0.28110707747354535
[8023377, 3595784, 3466937] std:  0.2814621171570373
[7258731, 2317555, 815858] std:  0.2815342601876641
[1737331, 2269749, 5386501] std:  0.2818070334416613
[4001910, 74792, 2914086] std:  0.2818538975787931
[1403887, 4497508, 9003640] std:  0.28192507518560395
[4256240, 2143309, 1769172] std:  0.2820764894547811
[2350135, 3795113, 1010942] std:  0.2825369177352952
[7424765, 5900899, 8129497] std:  0.28275400022423647
[2462749, 1707589, 453799] std:  0.2827688234107966
[3278553, 1320626, 1651438] std:  0.2829020615204286
[3021467, 5505529, 7442147] std:  0.2833071138995999
[5367412, 4020172, 8406259] std:  0.283780193967065
[8365399, 6429372, 4934259] std:  0.28418322527715356
[811030, 3698575, 4010754] std:  0.28421335602796555
[4480541, 3365845, 818173] std:  0.28456931137306996
[4396848, 7518406, 1442904] std:  0.2847522818915603
[3635649, 8898474, 8708574] std:  0.2849499174057651
[6654013, 263869, 5840986] std:  0.2855177613446551
[7953288, 817823, 7254056] std:  0.2856607612918857
[7075111, 4775836, 3037920] std:  0.28596781958052897
[8115579, 5449923, 3888834] std:  0.28611326687066635
[431269, 6908152, 5806403] std:  0.28614443240278603
[6242952, 3578363, 1599311] std:  0.28619459401835584
[3369006, 4931850, 626143] std:  0.2862096366286245
[7813398, 2894971, 513129] std:  0.28663061739816864
[5293611, 622170, 6846580] std:  0.2868417764288153
[1933374, 5825995, 6074827] std:  0.2870232688868799
[775739, 917614, 5328342] std:  0.287976103992899
[4556916, 6744440, 2916771] std:  0.28839458808342877
[8619061, 5861369, 5106753] std:  0.28857076897175066
[905132, 6381925, 4485259] std:  0.2889617665686593
[952586, 4203371, 1662121] std:  0.2890429151313021
[7995740, 9524828, 1279661] std:  0.28920746956764437
[4506572, 1556156, 4014993] std:  0.2895567212223259
[4776764, 6537888, 846607] std:  0.29024373304858564
[2879165, 5324947, 3113081] std:  0.29026990520921236
[7852111, 3105670, 877403] std:  0.2912101163951747
[2370720, 4007145, 7631016] std:  0.2916897092230956
[5703598, 8100685, 8401893] std:  0.2922188518028663
[1404122, 5694503, 1486912] std:  0.29305141287810016
[9364651, 7774539, 1007467] std:  0.29427087829287174
[7455617, 2548256, 2280778] std:  0.29441942344892846
[2230701, 7562227, 1439046] std:  0.2944328736121621
[6943743, 5813426, 3358020] std:  0.295233589363262
[6860755, 4316004, 1942228] std:  0.2955130906308472
[4069308, 7605011, 7881229] std:  0.2963294959888895
[8837965, 594558, 9519997] std:  0.296696108823522
[8303456, 6594711, 5970080] std:  0.2980115762522263
[1102456, 273823, 3719465] std:  0.29852779860132067
[4516102, 6802794, 6931763] std:  0.299571167386053
[962344, 5929079, 8402256] std:  0.3004528610816804
[6868516, 742242, 3973249] std:  0.3007087870989518
[2585588, 6290223, 5963747] std:  0.30160458341325663
[4527453, 2534393, 2173139] std:  0.302585944039578
[8145331, 3440611, 2058563] std:  0.3030381287594317
[9481723, 1526734, 3657120] std:  0.30364246449473536
[5822529, 7948725, 4625383] std:  0.3044219744572945
[8544679, 699468, 2599764] std:  0.306373031287281
[2657211, 6458781, 5364591] std:  0.3100070334530691
[5154756, 6067928, 5281096] std:  0.3125766324070828